827218
-19750278
-88378936
-593865
-97181484
13188236
-47832119
96118914
-96586989
76137803
71179523
47117256
-86664521
76332214
83695998
19839403
48383070
-6408692
-35116984
-45748542
19409361
41429087
-68907116
-22714600
31908836
-63575105
-31654238
-41485977
-83533751
42196407
93294619
55852860
66155334
31725246
-88384400
57076930
77223602
96742710
-72398076
20087524
35578007
91627393
49974769
37278574
-78747666
-11682720
-80392827
14312199
76789000
55769912
-12498935
-5104835
25077123
-20796229
23878605
43799545
3020051
11223420
29631651
-41682887
-43352118
-56901543
81130121
52662938
27147685
-91576248
-43892155
-45520313
67420828
75752684
24571759
50272275
-3345345
-65871066
33467896
-21556767
-79697642
83710133
77874272
-8438615
51653505
-90988280
-83016261
-11613814
79724905
-51985244
-80918173
76535282
-92567147
54516995
-4081584
33791547
-32854354
1803736
-92197845
19654731
91543176
-1912790
46846861
-81262763
11550258
72835091
95057118
41400226
17833354
-54132068
12386259
-32541209
90780307
36109985
57392697
99407649
-30103957
24826222
-32472902
33047149
14687604
-932374
-36826977
-93625241
-83292987
7791744
-9316515
7945017
97330286
69327995
-1712396
147050
-22661680
9329129
-39183982
59455708
11964182
53017465
-70964391
35864017
1930276
81827623
93271041
34387691
90091499
78497511
-41878195
-55434926
-10232451
14501066
-44777748
15207983
86488843
-81015907
37274491
46054173
-25829995
32079148
-94633261
17384124
70106063
62982016
7918229
61514343
76594581
69597483
-95536042
46790719
54102993
-5093469
86710411
70601447
87122270
-18010380
-67901959
-80479465
-29510873
29293875
5227272
66021835
-69437685
18524310
-1469456
74638759
5118856
68898173
-1901240
42994032
35817203
2605059
-90474969
9399194
-98908532
-3858975
39829881
83575696
-16014403
10978868
6756797
78954535
-59081469
22999477
48867092
63643697
-99674654
84106882
3006077
-60780352
63179775
90093797
-55370952
92364671
-57511310
-75198549
74088160
19865797
58790267
41041104
-47884265
-17948083
-56425967
45994072
-61301746
57897346
-42094434
49810263
11736650
72268628
-15542636
-63327733
93911767
-95373307
-74724288
-25228451
60739906
-40933874
-62088045
47230767
42611850
-77786555
1603785
-85514479
-94925595
-20591981
1641668
-57226955
28147027
4487545
-29749202
-19909193
-1447011
81163866
82084727
74344475
18266094
39078735
-6485974
-37155113
-52626365
40144339
-13863128
37103609
71167278
-85728208
-65538088
60649060
30155664
30513160
6174753
-71741281
15512741
49196956
2269851
15130726
-37057335
58086671
-98489788
95579559
-79567846
-42104534
32798151
-21103491
-46763218
-43556880
69084051
90675906
65383050
-69902012
60413255
33873289
-44446388
-58809447
-59900342
-55428981
95612036
98040104
43462456
-86156531
-72801336
19590312
77195257
33614541
70596491
-86908225
12230151
69071620
-99283145
71950200
29008259
91825048
-15208181
56084025
19278071
43646947
95859405
-28203882
12017738
-17635304
93731681
78371979
-48866725
51274645
-82848055
36690932
36481461
66213724
64861666
68592041
-9530369
-85605711
44769141
-69780004
-16684183
-12443298
-44519049
-68702047
92276974
21899754
-67418883
17638280
-34321846
-92342998
67795548
-99899043
28100832
99612545
89964342
-44835384
50399710
61458568
-73721720
-2664656
-39376911
11218775
-1409813
68631813
-82535843
23365827
87025164
-20286203
-44728493
-36213727
37782884
51081085
-89391417
33857812
65442818
-459884
85199122
27738613
50631585
74797436
-90744203
12620955
-79732821
36340062
86000798
-52702227
-41205663
-44437943
29425687
-1872947
85704488
24091589
57010852
-98316610
62143235
14827742
66984683
41350788
53098599
-58396298
-35274081
-5066574
10984375
36072827
85377936
-47594222
28769300
5811479
27222375
-8830270
-33719484
-80687051
14178424
14404410
30071853
-53649737
-54934173
-10809392
-53389626
-36180014
52261015
-70440120
25007914
-61318137
-88092394
-7805419
-8530129
-34391426
-93746794
3496553
-34655339
31007765
13266876
-58697469
67063524
-76035012
-79589598
-23518610
-27250328
93376704
13525451
71426931
-27604696
89453285
18818692
-16646662
-97295160
-81380472
37184909
87638944
-86935890
-55647577
-886150
-95037437
5738602
95395797
-56394194
39900543
78294217
-44220244
-63826323
38836752
26185712
-4986903
-82939500
-70804782
-38352076
-49722366
-94790860
-39900630
-13107577
48422998
15747699
92857778
-17087205
-2413181
51941289
-82039884
72499106
-99114286
-83213193
47232852
-79321305
34015141
4795431
-10103541
2649400
-65887605
-27758146
-2095609
-83183494
44807192
-9129705
71908368
-46191251
-45170284
29518743
98683535
-68313814
50907798
10834715
-2832815
92124752
74060613
22066226
-68104336
76644510
28767134
93942482
79839966
-80971162
-3790292
-28696257
9338657
9751046
-65824840
-67771954
55069648
-87852782
52466660
6850702
-32586779
-80411551
-28785865
-39948530
74661563
62970121
12422653
-26093010
70247624
-87908455
11558693
-92550394
-3961993
34388273
81894582
-90782915
-17811842
74015959
-20825188
-59513847
-37781988
74971324
-10444044
37990970
78492886
70636419
77970035
-57280300
-49496817
68426255
21028694
-4427806
99631792
95393532
-98537371
7772339
-2457452
-25508069
-30081090
-91376564
27580839
1222447
-59609614
66663625
-67059030
97285939
-91411522
85017067
97232600
67592138
56062167
5964886
-12772041
-70157897
53842080
-22793199
-14082917
-38523126
63031745
34773761
-86924517
82921530
-3867895
-71305458
62885173
14701180
57231530
50478429
-55304268
-1801018
-68429681
-28383505
56637601
-6326055
94935343
87723932
-21838372
-55921067
-43848831
-61125727
41810367
-23964560
10018697
1327535
22067809
55892729
83474208
60479789
90240539
7526633
-92620724
31108762
53395779
-408439
94276734
63004573
-91985468
-22215704
5699641
86119627
61030185
20031869
13021390
84336614
-9820319
-25183559
61748571
-67139682
-7471672
-38565946
-76137706
2747404
-44067590
-95086010
-8950386
96172914
84634663
-8470570
41704765
-58154727
-7453617
-65189889
-83792069
44617619
78161038
63470706
15382801
-4719753
79527223
35703852
10212260
-64339484
21177625
19537535
-10977540
763302
-651734
-96523059
2095070
76726476
92637546
82454888
-50157371
28644142
-38665847
6852701
-51507576
64965878
-75492840
-90562725
4968401
-53485059
-64609695
-31731890
-15305063
-88036620
44737578
29340665
-19106143
-56463148
98509379
-90706811
28642586
88750298
71828124
-45460929
-45154641
98070758
33141117
-30811462
-31540
51249350
-62070625
73478330
-30061155
8590867
-6909202
-12907390
89463266
-34765193
35103408
-37007090
64647229
36118117
48271208
1448385
-66192295
-96045909
-85629602
60209004
60616071
71400157
48821062
-61523519
12302059
-66254881
-56907265
4656056
-23895439
39225591
55311276
-30179001
91635432
-61532871
-18117326
-238013
-43053232
68045911
42532860
-38457834
83672797
77862265
88196376
72211279
-54165308
-23064044
41253704
-91778054
32199643
-47342108
-53674772
24375466
69779811
-42690814
91124180
49467810
-72472205
-19119128
67843319
37099768
9953916
3304541
88393511
17497274
-94694148
70816329
-74738861
-38761625
-18459799
-55300214
-64087383
50186531
-86697976
10274337
1591230
54837106
7203844
-17878704
58913722
47985290
-27546411
-99020079
-2893010
-80243743
-67326334
58254632
-43360469
-59217777
-85600138
-66764551
-68957367
58247339
59406099
1661980
-74222868
-57068697
5228101
47975846
90952078
64435558
46250390
-75376149
-26733010
-72026443
-88593179
42078556
-82098307
-70426100
97141054
-45468781
23522975
-47433830
93232129
36099249
56163307
-2922774
-33334845
48385367
-29336658
66956743
3144348
-78747498
62967763
-43761423
23204265
14858577
59995303
10236354
-76458597
34792644
18305054
6047443
85485513
-69316651
64294093
3402150
95178941
-58019844
93652659
-51663279
93739071
-40322586
67954318
-77792437
61117679
-54717502
-62633038
59261630
-50210751
-24249631
-51740299
-65690938
-55092872
-48848230
9884186
8811112
-94195302
-66369305
-77272163
81684533
187150
-15298343
19735636
62420093
58581186
97513756
-60788316
47832399
-52788291
64807667
35905488
-62588740
-30388592
-93469490
-16402841
78471266
53422455
67571009
59093267
-99310614
95594395
-17439354
3036793
-3029607
-90375483
-36352906
18123066
23524412
92726518
-66920855
-70421025
33087199
21501651
-92977003
-45460842
-55845178
-22820780
-14104908
51802494
-59034454
64674247
-36807018
55440560
-69038152
80598067
-7885336
-9385615
8474989
49660235
-48083409
-68584714
63860184
-84697007
8718173
86095801
31015489
-73268527
45787056
-43120913
5715175
-48548347
78703801
77757543
1577325
73219921
-55004387
-62780978
36460134
26959418
-89538073
-42989908
55240902
-48267384
-72580365
-87951283
92893688
19274373
57811168
65870770
-99411775
-7315077
-59022967
95254541
51873715
46821069
-69396118
1220051
-60707453
73067577
37164457
63091508
-10656021
-37319753
-49758677
34199233
30501195
22208696
76997485
49858757
-79350714
53683405
61694763
19404057
-4258703
-1710224
-83860529
-89109649
-74987070
68991690
-54276057
-40464822
81749611
8025589
18352865
-68254993
50841478
-79082724
54283060
21527783
-91657922
-45585729
-32904461
-85317404
-55643052
67942908
8417727
-86132261
-97917828
48348200
-33446767
78232730
53838694
-13457369
43076861
85170902
-2582433
50800767
-53293275
58370982
-32569645
16387304
21863970
87861111
71192080
99297176
17142020
-6875039
-86658952
-4078742
13668088
24861606
-28248801
-27680147
-46251742
-99889849
52901678
99412377
41415308
24561722
-31237613
45185310
