76 0
69 1
-47 0
42 0
5 0
-6 0
71 0
-8 0
-5 1
-48 0
55 1
-50 0
26 1
9 0
72 0
-47 0
18 1
56 0
-93 1
-1 1
12 0
-39 0
94 0
12 0
-94 1
39 1
-49 1
3 1
-32 0
34 1
71 0
-55 0
-77 1
84 1
-18 0
10 1
-99 0
14 1
-50 0
-90 1
-69 1
-49 1
-66 1
-34 0
65 1
-26 1
-35 1
16 1
80 1
57 0
-84 1
58 0
32 0
-23 0
25 1
-19 0
2 0
-62 0
35 1
-60 0
1 0
-80 1
-47 0
-74 1
39 0
29 1
97 0
-33 0
-48 1
-23 1
-95 1
-55 0
46 1
-74 0
-65 1
-87 1
85 1
-60 0
89 1
-38 0
45 1
-26 1
-5 1
-86 0
-100 0
-84 1
24 0
-12 1
65 0
-68 1
62 1
-61 1
66 1
15 0
-75 0
-97 1
-67 0
-36 1
-37 0
-4 0
-7 1
38 1
-7 1
-20 1
-65 0
6 0
-45 0
7 1
89 0
-56 0
-42 1
52 0
36 0
80 0
65 0
-61 1
78 1
42 0
-93 1
-16 0
35 0
46 1
-53 0
-60 0
62 0
98 1
-88 0
-6 1
-3 0
-99 1
15 0
-72 0
-63 1
-94 0
-26 1
-43 1
89 1
-15 1
27 1
-20 0
19 1
46 1
-40 1
-7 1
-79 1
-2 1
-96 0
-8 1
-83 1
70 1
-36 1
45 1
-16 0
65 0
3 1
75 1
-71 1
96 0
31 0
-59 1
-93 0
52 0
-36 0
78 1
-11 0
15 0
-6 0
-49 1
-75 0
-55 0
-60 0
-13 0
-70 1
61 0
44 0
-98 1
-63 1
9 0
29 1
97 1
94 1
-92 0
74 1
94 0
0 1
-87 0
-44 1
62 1
-66 0
59 0
-29 1
91 0
-14 1
-51 0
-72 1
38 1
-54 0
62 0
52 1
24 1
-54 1
73 0
33 1
-22 1
42 1
10 0
47 1
25 1
85 1
-68 1
89 1
84 0
83 0
74 1
-18 1
4 0
-72 0
-57 1
84 1
84 0
-66 0
-20 0
-57 0
10 1
-68 1
79 0
-52 1
14 0
-89 1
-79 0
38 1
19 0
-83 1
42 0
-7 0
-56 0
32 0
32 0
42 0
6 1
81 0
70 1
-3 1
-47 0
-72 0
52 1
72 0
-97 0
-16 1
-84 0
-32 1
46 0
-76 1
97 1
86 1
-68 1
32 0
-33 1
-26 1
53 0
19 1
-9 0
73 1
-34 1
-64 1
69 0
-5 0
-29 1
94 1
-57 1
-86 0
85 0
-10 1
39 0
-15 1
-78 1
-4 0
-12 1
-55 0
91 1
-51 0
77 0
73 1
-64 1
23 1
-9 1
78 0
24 0
99 1
93 0
-81 1
53 0
-15 1
61 1
-54 1
-56 0
-94 0
-56 1
-4 1
99 0
94 0
-37 0
92 0
52 0
-95 0
51 0
9 0
38 1
98 1
44 1
63 1
14 0
-44 1
-16 1
-35 1
18 0
-37 0
79 1
-96 0
-73 1
2 0
-52 0
-94 0
76 1
-50 1
81 1
96 1
-59 0
91 1
97 0
-38 1
85 1
85 1
23 0
-68 0
78 0
89 0
41 0
-63 0
-77 0
66 0
40 1
-51 1
-90 0
95 1
-56 1
16 0
88 1
89 1
7 1
-94 0
-81 0
68 1
-83 1
87 1
-95 1
-11 1
-84 0
63 0
77 1
17 1
35 1
29 1
31 0
70 0
-60 0
48 0
-30 0
-63 0
-82 1
-44 1
25 1
-30 0
-86 0
-9 1
-8 1
-100 1
-88 0
-72 0
-73 0
-86 1
9 0
-81 0
34 1
28 0
-87 0
84 0
-53 1
-24 1
41 0
36 1
-34 1
-43 0
-25 0
-50 1
55 0
74 1
-1 0
-70 1
43 1
-53 0
-42 0
-4 0
41 1
56 1
89 1
15 0
8 0
4 0
-43 0
-61 1
65 0
-16 0
15 1
42 1
87 0
45 1
-52 1
-80 1
-42 1
-63 0
68 1
-98 0
-10 1
54 1
-85 1
59 0
-78 0
-55 1
-86 1
-87 0
61 1
-71 0
77 1
-23 0
-54 1
35 0
11 0
37 1
-5 1
60 0
-74 0
-59 1
29 0
95 1
-55 1
36 1
-33 1
-76 1
58 0
34 0
66 0
57 0
84 1
58 0
40 1
-36 1
87 1
-10 0
-33 1
91 0
83 1
-27 0
-3 1
-2 0
21 0
68 1
65 1
-15 0
-34 0
33 0
70 0
42 1
66 1
-32 1
86 0
-90 1
-21 0
-12 1
95 0
34 1
36 1
-24 0
42 1
-61 1
30 0
-13 1
-14 1
30 1
-91 0
-22 1
31 1
-20 0
-36 0
-2 1
35 0
-29 1
11 1
-58 1
-95 0
-9 1
61 1
86 0
9 0
-28 0
10 1
56 1
-34 0
-91 0
99 1
-61 0
76 0
-4 1
-51 0
-39 0
91 1
-3 1
-17 0
56 1
-12 1
-33 0
46 1
-34 0
91 0
-4 1
29 1
60 1
77 0
12 0
-29 1
96 1
9 0
-76 1
76 0
-12 0
-8 0
-68 0
-1 0
-51 0
-22 1
-31 0
-64 1
-46 1
26 0
55 0
-66 1
91 0
65 1
-67 1
-56 1
-53 0
2 1
-5 0
58 0
56 1
-40 0
-85 1
-49 0
-27 0
-65 0
89 0
94 1
-43 0
95 0
-30 1
-11 0
91 0
-82 0
-12 1
21 1
27 1
-22 1
51 0
-54 0
72 1
34 0
-82 0
71 1
56 0
-99 1
65 0
1 0
-43 1
12 0
-25 0
22 0
55 1
45 1
-66 0
-86 0
-24 1
-67 1
72 0
98 1
75 0
70 0
-5 0
64 1
-43 0
70 0
57 1
-50 1
-11 1
-44 0
38 1
29 0
37 1
76 0
82 0
-2 0
34 1
-32 0
-73 0
-85 0
32 0
13 0
-41 0
95 0
52 1
64 0
-51 0
35 0
42 1
-73 0
-33 1
-80 0
83 1
-5 1
-56 1
26 1
44 1
-84 0
77 0
23 1
62 1
-55 0
-60 0
3 0
-82 1
39 1
49 1
0 1
49 1
-19 1
-95 1
-94 0
-83 0
21 1
-89 0
-68 0
80 0
-55 0
-83 0
-61 0
87 0
58 1
60 0
76 1
97 0
11 0
-3 1
20 1
6 1
-81 0
-44 1
7 1
-65 0
-77 0
-26 1
77 1
71 0
-48 1
-86 0
98 1
-50 1
-78 1
54 0
-91 0
6 1
-8 1
14 0
-16 1
13 0
13 1
72 1
-75 0
0 0
-93 1
77 1
-1 0
-66 0
-89 0
-77 1
47 1
-89 0
-60 1
-22 0
75 1
63 1
-32 0
75 0
87 0
63 1
-93 0
80 1
-39 1
28 1
-4 0
66 0
2 0
9 1
-15 1
-49 1
88 1
-71 1
-54 1
98 1
-98 1
37 1
-40 0
62 1
-7 0
-39 0
56 0
-10 1
-61 1
58 1
-38 0
56 1
73 0
-6 0
66 0
46 0
73 0
87 1
-91 0
46 1
-47 1
-2 0
52 1
-74 0
-63 0
-98 1
-57 0
7 1
70 1
76 1
64 0
67 1
-63 1
63 1
-54 1
-57 1
31 0
-78 1
90 1
-51 1
-9 1
-13 0
-18 1
96 1
58 0
-67 0
39 0
-19 0
-2 0
-9 0
-35 1
-98 1
79 0
29 0
-100 0
56 0
-66 0
2 0
20 0
22 1
-86 0
77 1
-56 1
-52 1
80 0
95 0
5 1
41 1
38 0
-66 0
73 0
-98 0
-11 1
85 1
-86 1
-7 1
24 0
-19 1
21 0
64 0
97 0
45 1
46 1
52 1
-18 0
34 0
-12 1
37 0
39 0
-29 1
-24 1
57 0
-47 1
-46 1
96 0
9 1
46 1
16 1
32 0
38 1
-47 1
-11 1
8 0
-22 1
-46 1
-14 1
18 1
-7 1
-46 1
-5 1
83 0
-5 0
-20 0
2 1
-34 1
0 1
-77 1
-14 1
91 0
70 0
29 0
57 1
-12 1
-2 1
52 0
25 0
-6 1
40 1
52 0
-49 0
-67 0
58 1
72 0
65 1
-74 0
-7 1
36 0
-10 1
33 0
-53 1
47 1
57 0
41 1
27 1
-68 0
-76 1
52 0
-42 0
91 1
44 0
85 0
44 0
-31 0
-18 0
33 1
51 1
-58 1
10 1
-3 1
50 0
-88 1
71 1
75 0
-19 1
55 0
29 0
47 1
13 0
-33 1
77 1
62 1
52 0
25 0
-46 0
58 1
93 1
-36 0
46 0
86 0
26 1
2 1
79 0
80 0
-46 0
-34 0
90 1
-52 0
-43 0
-98 0
-11 0
30 1
4 0
-90 0
-36 1
23 0
28 1
-10 1
7 0
5 0
-99 1
16 0
-92 0
49 1
85 0
-63 1
20 0
89 0
-5 1
-68 1
81 1
91 1
25 1
-11 1
-2 0
32 1
-56 1
42 0
-30 1
37 0
-35 1
-8 0
62 0
55 0
73 1
-42 0
-4 1
98 0
-72 1
97 1
35 0
-9 0
98 0
-79 0
68 1
-17 0
-53 0
-83 0
9 1
-67 1
76 1
6 0
-1 0
-99 0
-12 1
-91 0
75 1
87 0
-41 0
-20 1
25 0
92 0
18 0
41 1
-96 1
42 0
66 1
-71 1
-28 1
75 0
37 1
-29 1
63 1
6 0
37 0
-95 0
92 0
-74 1
18 0
-18 1
96 0
77 1
83 1
61 0
-25 1
-3 0
-61 0
-51 1
-11 0
85 1
-49 1
10 1
-72 0
-85 0
